25 2 -49.305 33.180 -90.000 13874 0 "C2" 0 0 1000 0 0 0 0 0.000
26 2 -35.455 18.380 90.000 13876 0 "C3" 0 0 1000 0 0 0 0 0.000
27 2 -36.505 18.380 90.000 13876 0 "C4" 0 0 1000 0 0 0 0 0.000
28 2 -49.305 22.380 90.000 13875 0 "C5" 0 0 1000 0 0 0 0 0.000
29 2 -46.105 33.180 180.000 13878 0 "D1" 0 0 1000 0 0 0 0 0.000
30 2 -46.105 29.380 180.000 13873 0 "R1" 0 0 1000 0 0 0 0 0.000
31 2 -46.605 37.680 180.000 13873 0 "R2" 0 0 1000 0 0 0 0 0.000
32 2 -20.500 20.100 0.000 13879 0 "S3" 0 0 1000 0 0 0 0 0.000
33 2 -13.630 36.480 0.000 13877 0 "SB1" 0 0 1000 0 0 0 0 0.000
34 2 -26.630 36.480 0.000 13877 0 "SB2" 0 0 1000 0 0 0 0 0.000
35 2 -32.630 36.480 0.000 13877 0 "SB3" 0 0 1000 0 0 0 0 0.000
36 2 -38.630 36.480 0.000 13877 0 "SB4" 0 0 1000 0 0 0 0 0.000
37 2 -41.505 22.380 90.000 13881 0 "VD10" 0 0 1000 0 0 0 0 0.000
38 2 -28.555 12.400 0.000 13882 0 "X1" 0 0 1000 0 0 0 0 0.000
39 2 -19.705 26.505 180.000 13880 0 "X2" 0 0 1000 0 0 0 0 0.000