IDNUM NAME EX LNAME FA FB FC FD FE FF FG FH FI FJ REELS CHIP Shape MCOND DCOND DCOND2 ICOND SKIP A PACK PACKB SSIZE RETRY ESTOP ThrowAway LandA LandB LandC LandD PreSend NoArrange Proved UsePeriod C CoverSize Teach C2 RETRYCOUNT ESTOPCOUNT RETRYCOUNT2 SICOND HRMCOND HPICOND SL InCOND FeederEX MSD NPI LCR REELTYPECHG FEEDLENCHG
420 "1014264" 0 "Main_Library" 302161 302481 337561 338361 350961 0 0 0 0 0 1 160 420 420 0 0 0 0 0.000 90 0 0 3 3 0 0 0 0 0 0 0 0 0 "0402C" 0 2 "" 0 3 1 0 0 0 "" 0 0 0 0 0 0 0
421 "1014271" 0 "Main_Library" 302161 302481 337561 338361 350961 0 0 0 0 0 1 161 421 421 0 0 0 0 0.000 90 0 0 3 3 0 0 0 0 0 0 0 0 0 "0402C" 0 2 "" 0 3 1 0 0 0 "" 0 0 0 0 0 0 0
422 "1014277" 0 "Main_Library" 302161 302481 337561 338361 350961 0 0 0 0 0 1 162 422 422 0 0 0 0 0.000 90 0 0 3 3 0 0 0 0 0 0 0 0 0 "0402C" 0 2 "" 0 3 1 0 0 0 "" 0 0 0 0 0 0 0
423 "1014279" 0 "Main_Library" 302161 302481 337561 338361 350961 0 0 0 0 0 1 163 423 423 0 0 0 0 0.000 90 0 0 3 3 0 0 0 0 0 0 0 0 0 "0402C" 0 2 "" 0 3 1 0 0 0 "" 0 0 0 0 0 0 0
424 "1015193" 0 "Main_Library" 302161 302481 337561 338361 350961 0 0 0 0 0 1 164 424 424 0 0 0 0 0.000 90 0 0 3 3 0 0 0 0 0 0 0 0 0 "0402C" 0 2 "" 0 3 1 0 0 0 "" 0 0 0 0 0 0 0
425 "1015413" 0 "Main_Library" 302161 302481 337561 338361 350961 0 0 0 0 0 1 165 425 425 0 0 0 0 0.000 90 0 0 3 3 0 0 0 0 0 0 0 0 0 "0402C" 0 2 "" 0 3 1 0 0 0 "" 0 0 0 0 0 0 0
426 "1014034" 0 "Main_Library" 302161 302481 337561 338361 350961 0 0 0 0 0 1 166 426 426 0 0 0 0 0.000 90 0 0 3 3 0 0 0 0 0 0 0 0 0 "0402R" 0 2 "" 0 3 1 0 0 0 "" 0 0 0 0 0 0 0
427 "1014044" 0 "Main_Library" 302161 302481 337561 338361 350961 0 0 0 0 0 1 167 427 427 0 0 0 0 0.000 90 0 0 3 3 0 0 0 0 0 0 0 0 0 "0402R" 0 2 "" 0 3 1 0 0 0 "" 0 0 0 0 0 0 0
428 "1014061" 0 "Main_Library" 302161 302481 337561 338361 350961 0 0 0 0 0 1 168 428 428 0 0 0 0 0.000 90 0 0 3 3 0 0 0 0 0 0 0 0 0 "0402R" 0 2 "" 0 3 1 0 0 0 "" 0 0 0 0 0 0 0
429 "1014813" 0 "Main_Library" 302161 302481 337561 338361 350961 0 0 0 0 0 1 169 429 429 0 0 0 0 0.000 90 0 0 3 3 0 0 0 0 0 0 0 0 0 "0402R" 0 2 "" 0 3 1 0 0 0 "" 0 0 0 0 0 0 0
430 "1015104" 0 "Main_Library" 302161 302481 337561 338361 350961 0 0 0 0 0 1 170 430 430 0 0 0 0 0.000 90 0 0 3 3 0 0 0 0 0 0 0 0 0 "0402R" 0 2 "" 0 3 1 0 0 0 "" 0 0 0 0 0 0 0
431 "1015128" 0 "Main_Library" 302161 302481 337561 338361 350961 0 0 0 0 0 1 171 431 431 0 0 0 0 0.000 90 0 0 3 3 0 0 0 0 0 0 0 0 0 "0402R" 0 2 "" 0 3 1 0 0 0 "" 0 0 0 0 0 0 0
433 "1014283" 0 "Main_Library" 302182 302502 337582 338382 0 0 0 0 0 0 1 0 433 433 0 0 0 0 0.000 0 0 0 3 3 0 0 0 0 0 0 0 0 0 "0805C" 0 2 "" 0 3 1 0 0 0 "" 0 0 0 0 0 0 0
435 "1014611" 0 "Main_Library" 302182 302502 337582 338382 0 0 0 0 0 0 1 0 435 435 0 0 0 0 0.000 0 0 0 3 3 0 0 0 0 0 0 0 0 0 "LED" 0 2 "" 0 3 1 0 0 0 "" 0 0 0 0 0 0 0
437 "1014786" 0 "Main_Library" 302982 0 0 0 0 0 0 0 0 0 1 0 437 437 0 0 0 0 0.000 0 0 0 3 3 0 0 0 0 0 0 0 0 0 "NX3215SA" 0 2 "" 0 3 1 0 0 0 "" 0 0 0 0 0 0 0
438 "1013653" 0 "Main_Library" 302823 0 0 0 0 0 0 0 0 0 1 0 438 438 0 0 0 0 0.000 0 0 0 1 3 0 0 0 0 0 0 0 0 0 "QFN-16/LGA-16" 0 2 "" 0 3 1 0 0 0 "" 0 0 0 0 0 0 0
442 "1014927" 0 "Main_Library" 302182 302502 337582 338382 0 0 0 0 0 0 1 0 442 442 0 0 0 0 90.000 0 0 0 3 3 0 0 0 0 0 0 0 0 0 "SOT23-5" 0 2 "" 0 3 1 0 0 0 "" 0 0 0 0 0 0 0
443 "1014928" 0 "Main_Library" 302182 302502 337582 338382 0 0 0 0 0 0 1 0 443 443 0 0 0 0 90.000 0 0 0 3 3 0 0 0 0 0 0 0 0 0 "SOT23-5" 0 2 "" 0 3 1 0 0 0 "" 0 0 0 0 0 0 0
445 "1014267" 0 "Main_Library" 302161 302481 337561 338361 350961 0 0 0 0 0 1 174 445 445 0 0 0 0 0.000 90 0 0 3 3 0 0 0 0 0 0 0 0 0 "0402C" 0 2 "" 0 3 1 0 0 0 "" 0 0 0 0 0 0 0
449 "1014281" 0 "Main_Library" 302162 302482 337562 338362 350962 0 0 0 0 0 1 178 449 449 0 0 0 0 0.000 90 0 0 3 3 0 0 0 0 0 0 0 0 0 "0603C" 0 2 "" 0 3 1 0 0 0 "" 0 0 0 0 0 0 0
477 "1014043" 0 "Main_Library" 302161 302481 337561 338361 350961 0 0 0 0 0 1 186 477 477 0 0 0 0 0.000 90 0 0 3 3 0 0 0 0 0 0 0 0 0 "0402R" 0 2 "" 0 3 1 0 0 0 "" 0 0 0 0 0 0 0
491 "1013770" 0 "Main_Library" 302182 302502 337582 338382 0 0 0 0 0 0 1 0 491 491 0 0 0 0 90.000 0 0 0 3 3 0 0 0 0 0 0 0 0 0 "SOT-23" 0 2 "" 0 3 1 0 0 0 "" 0 0 0 0 0 0 0
499 "1014274" 0 "Main_Library" 302161 302481 337561 338361 350961 0 0 0 0 0 1 195 499 499 0 0 0 0 0.000 90 0 0 3 3 0 0 0 0 0 0 0 0 0 "0402C" 0 2 "" 0 3 1 0 0 0 "" 0 0 0 0 0 0 0
505 "1014280" 0 "Main_Library" 302162 302482 337562 338362 350962 0 0 0 0 0 1 201 505 505 0 0 0 0 0.000 90 0 0 3 3 0 0 0 0 0 0 0 0 0 "0603C" 0 2 "" 0 3 1 0 0 0 "" 0 0 0 0 0 0 0
529 "1013958" 0 "Main_Library" 302823 0 0 0 0 0 0 0 0 0 1 0 529 529 0 0 0 0 0.000 0 0 0 3 3 0 0 0 0 0 0 0 0 0 "QFN-10" 0 2 "" 0 3 1 0 0 0 "" 0 0 0 0 0 0 0
545 "1014050" 0 "Main_Library" 302161 302481 337561 338361 350961 0 0 0 0 0 1 213 545 545 0 0 0 0 0.000 90 0 0 3 3 0 0 0 0 0 0 0 0 0 "0402R" 0 2 "" 0 3 1 0 0 0 "" 0 0 0 0 0 0 0
547 "1014040" 0 "Main_Library" 302161 302481 337561 338361 350961 0 0 0 0 0 1 215 547 547 0 0 0 0 0.000 90 0 0 3 3 0 0 0 0 0 0 0 0 0 "0402R" 0 2 "" 0 3 1 0 0 0 "" 0 0 0 0 0 0 0
569 "1015103" 0 "Main_Library" 302161 302481 337561 338361 350961 0 0 0 0 0 1 222 569 569 0 0 0 0 0.000 90 0 0 1 3 0 0 0 0 0 0 0 0 0 "0402R" 0 2 "" 0 3 1 0 0 0 "" 0 0 0 0 0 0 0
571 "1015191" 0 "Main_Library" 302161 302481 337561 338361 350961 0 0 0 0 0 1 223 571 571 0 0 0 0 0.000 90 0 0 3 3 0 0 0 0 0 0 0 0 0 "0402R" 0 2 "" 0 3 1 0 0 0 "" 0 0 0 0 0 0 0
574 "1014823" 0 "Main_Library" 302161 302481 337561 338361 350961 0 0 0 0 0 1 224 574 574 0 0 0 0 0.000 90 0 0 3 3 0 0 0 0 0 0 0 0 0 "0402R" 0 2 "" 0 3 1 0 0 0 "" 0 0 0 0 0 0 0
586 "1014131" 0 "Main_Library" 302182 302502 337582 338382 0 0 0 0 0 0 1 0 586 586 0 0 0 0 90.000 0 0 0 3 3 0 0 0 0 0 0 0 0 0 "SOT-23" 0 2 "" 0 3 1 0 0 0 "" 0 0 0 0 0 0 0
598 "1014250" 0 "Main_Library" 302161 302481 337561 338361 350961 0 0 0 0 0 1 231 598 598 0 0 0 0 0.000 90 0 0 3 3 0 0 0 0 0 0 0 0 0 "0402C" 0 2 "" 0 3 1 0 0 0 "" 0 0 0 0 0 0 0
893 "1014192" 0 "Main_Library" 302182 302502 337582 338382 0 0 0 0 0 0 1 0 893 893 0 0 0 0 90.000 0 0 0 3 3 0 0 0 0 0 0 0 0 0 "SOT323-5L" 0 2 "" 0 3 1 0 0 0 "" 0 0 0 0 0 0 0
915 "1014812" 0 "Main_Library" 302161 302481 337561 338361 350961 0 0 0 0 0 1 286 915 915 0 0 0 0 0.000 90 0 0 3 3 0 0 0 0 0 0 0 0 0 "0402R" 0 2 "" 0 3 1 0 0 0 "" 0 0 0 0 0 0 0
916 "1015105" 0 "Main_Library" 302161 302481 337561 338361 350961 0 0 0 0 0 1 287 916 916 0 0 0 0 0.000 90 0 0 3 3 0 0 0 0 0 0 0 0 0 "0402R" 0 2 "" 0 3 1 0 0 0 "" 0 0 0 0 0 0 0
918 "1014247" 0 "Main_Library" 302162 302482 337562 338362 350962 0 0 0 0 0 1 0 918 918 0 0 0 0 0.000 0 0 0 3 3 0 0 0 0 0 0 0 0 0 "0805L(BLM21P)" 0 2 "" 0 3 1 0 0 0 "" 0 0 0 0 0 0 0
920 "1014570" 0 "Main_Library" 302182 302502 337582 338382 0 0 0 0 0 0 1 0 920 920 0 0 0 0 0.000 0 0 0 1 3 0 0 0 0 0 0 0 0 0 "1210C(2.5mm)" 0 2 "" 0 3 1 0 0 0 "" 0 0 0 0 0 0 0
921 "1014448" 0 "Main_Library" 306027 0 0 0 0 0 0 0 0 0 1 0 921 921 0 0 0 0 90.000 0 0 0 1 3 0 0 0 0 0 0 0 0 0 "47388-2001" 0 2 "" 0 3 1 0 0 0 "" 0 0 0 0 0 0 0
923 "1014581" 0 "Main_Library" 302824 0 0 0 0 0 0 0 0 0 1 0 923 923 0 0 0 0 0.000 0 0 0 3 3 0 0 0 0 0 0 0 0 0 "CCSH-W10R-02TR" 0 2 "" 0 3 1 0 0 0 "" 0 0 0 0 0 0 0
924 "1015333" 0 "Main_Library" 304425 0 0 0 0 0 0 0 0 0 1 0 924 924 0 0 0 0 0.000 0 0 0 3 3 0 0 0 0 0 0 0 0 0 "G" 0 2 "" 0 3 1 0 0 0 "" 0 0 0 0 0 0 0
925 "1014287" 0 "Main_Library" 302983 0 0 0 0 0 0 0 0 0 1 0 925 925 0 0 0 0 0.000 0 0 0 3 3 0 0 0 0 0 0 0 0 0 "MIC" 0 2 "" 0 3 1 0 0 0 "" 0 0 0 0 0 0 0
926 "1014783" 0 "Main_Library" 302983 0 0 0 0 0 0 0 0 0 1 0 926 926 0 0 0 0 0.000 0 0 0 1 3 0 0 0 0 0 0 0 0 0 "SMB/DO-214AA" 0 2 "" 0 3 1 0 0 0 "" 0 0 0 0 0 0 0
927 "1014926" 0 "Main_Library" 302823 0 0 0 0 0 0 0 0 0 1 0 927 927 0 0 0 0 0.000 0 0 0 1 3 0 0 0 0 0 0 0 0 0 "SOT-223-6" 0 2 "" 0 3 1 0 0 0 "" 0 0 0 0 0 0 0
930 "1014822" 0 "Main_Library" 302822 0 0 0 0 0 0 0 0 0 1 0 930 930 0 0 0 0 0.000 0 0 0 3 3 0 0 0 0 0 0 0 0 0 "SMA/DO-214AC" 0 2 "" 0 3 1 0 0 0 "" 0 0 0 0 0 0 0
931 "1014821" 0 "Main_Library" 302182 302502 337582 338382 0 0 0 0 0 0 1 0 931 931 0 0 0 0 0.000 0 0 0 3 3 0 0 0 0 0 0 0 0 0 "SOD-123LF" 0 2 "" 0 3 1 0 0 0 "" 0 0 0 0 0 0 0
932 "1016335" 0 "Main_Library" 302823 0 0 0 0 0 0 0 0 0 1 0 932 932 0 0 0 0 0.000 0 0 0 1 3 0 0 0 0 0 0 0 0 0 "SMB/DO-214AA" 0 2 "" 0 3 1 0 0 0 "" 0 0 0 0 0 0 0
936 "1016260" 0 "Main_Library" 303624 0 0 0 0 0 0 0 0 0 1 0 936 936 0 0 0 0 0.000 0 0 0 1 3 0 0 0 0 0 0 0 0 0 "LQFP-48" 0 2 "" 0 3 1 0 0 0 "" 0 0 0 0 0 0 0
937 "1014929" 0 "Main_Library" 302182 302502 337582 338382 0 0 0 0 0 0 1 0 937 937 0 0 0 0 90.000 0 0 0 3 3 0 0 0 0 0 0 0 0 0 "SOT23-5" 0 2 "" 0 3 1 0 0 0 "" 0 0 0 0 0 0 0
938 "1014307" 0 "Main_Library" 303623 0 0 0 0 0 0 0 0 0 1 0 938 938 0 0 0 0 0.000 0 0 0 1 3 0 0 0 0 0 0 0 0 0 "TD-26EB" 0 2 "" 0 3 1 0 0 0 "" 0 0 0 0 0 0 0
1132 "1015701" 0 "Main_Library" 302161 302481 337561 338361 350961 0 0 0 0 0 1 338 1132 1132 0 0 0 0 0.000 90 0 0 3 3 0 0 0 0 0 0 0 0 0 "0402R" 0 2 "" 0 3 1 0 0 0 "" 0 0 0 0 0 0 0
1140 "1014256" 0 "Main_Library" 302161 302481 337561 338361 350961 0 0 0 0 0 1 343 1140 1140 0 0 0 0 0.000 90 0 0 3 3 0 0 0 0 0 0 0 0 0 "0402C" 0 2 "" 0 3 1 0 0 0 "" 0 0 0 0 0 0 0
1324 "1017860" 0 "Main_Library" 303624 0 0 0 0 0 0 0 0 0 1 377 1324 1324 0 0 0 0 0.000 -90 0 0 3 3 0 0 0 0 0 0 0 0 0 "SO-8P(SOP-8L)" 0 2 "" 0 3 1 0 0 0 "" 0 0 0 0 0 0 0
1838 "1019751" 0 "Main_Library" 302182 302502 337582 338382 0 0 0 0 0 0 1 0 1838 1838 0 0 0 0 90.000 0 0 0 3 3 0 0 0 0 0 0 0 0 0 "SOT416/SC-75" 0 2 "" 0 3 1 0 0 0 "" 0 0 0 0 0 0 0
2139 "1018543" 0 "Main_Library" 304424 0 0 0 0 0 0 0 0 0 1 0 2139 2139 0 0 0 0 0.000 0 0 0 1 3 0 0 0 0 0 0 0 0 0 "08-RC" 0 2 "" 0 3 1 0 0 0 "" 0 0 0 0 0 0 0
3101 "1023491" 0 "Main_Library" 302182 302502 337582 338382 0 0 0 0 0 0 1 0 3101 3101 0 0 0 0 0.000 0 0 0 3 3 0 0 0 0 0 0 0 0 0 "SOD-323\SC-76" 0 2 "" 0 3 1 0 0 0 "" 0 0 0 0 0 0 0
3365 "1018542" 0 "Main_Library" 304424 0 0 0 0 0 0 0 0 0 1 0 3365 3365 0 0 0 0 0.000 0 0 0 1 3 0 0 0 0 0 0 0 0 0 "06-RC" 0 2 "" 0 3 1 0 0 0 "" 0 0 0 0 0 0 0
3424 "1025850" 0 "Main_Library" 302182 302502 337582 338382 0 0 0 0 0 0 1 859 3424 3424 0 0 0 0 0.000 90 0 0 3 3 0 0 0 0 0 0 0 0 0 "SOD-523(SC-79)" 0 2 "" 0 3 1 0 0 0 "" 0 0 0 0 0 0 0
3428 "1025849" 0 "Main_Library" 302182 302502 337582 338382 0 0 0 0 0 0 1 861 3428 3428 0 0 0 0 0.000 90 0 0 1 1 0 0 0 0 0 0 0 0 0 "SOD-523(SC-79)" 0 2 "" 0 3 1 0 0 0 "" 0 0 0 0 0 0 0
3836 "1022849" 0 "Main_Library" 304424 0 0 0 0 0 0 0 0 0 1 0 3836 3836 0 0 0 0 90.000 0 0 0 3 3 0 0 0 0 0 0 0 0 0 "08-RC" 0 2 "" 0 3 1 0 0 0 "" 0 0 0 0 0 0 0
4032 "1022848" 0 "Main_Library" 304424 0 0 0 0 0 0 0 0 0 1 0 4032 4032 0 0 0 0 0.000 0 0 0 1 3 0 0 0 0 0 0 0 0 0 "06-RC" 0 2 "" 0 3 1 0 0 0 "" 0 0 0 0 0 0 0
4378 "1023271" 0 "Main_Library" 302182 302502 337582 338382 0 0 0 0 0 0 1 0 4378 4378 0 0 0 0 0.000 0 0 0 3 3 0 0 0 0 0 0 0 0 0 "1014784  1023271 diotec" 0 2 "" 0 3 1 0 0 0 "" 0 0 0 0 0 0 0
4435 "1020997" 0 "Main_Library" 302162 302482 337562 338362 350962 0 0 0 0 0 1 1070 4435 4435 0 0 0 0 0.000 90 0 0 3 3 0 0 0 0 0 0 0 0 0 "0603C" 0 2 "" 0 3 1 0 0 0 "" 0 0 0 0 0 0 0
5870 "1031612" 0 "Main_Library" 306029 0 0 0 0 0 0 0 0 0 1 0 5870 5870 0 0 0 0 0.000 0 0 0 1 3 0 0 0 0 0 0 0 0 0 "GL865-DUAL V3" 0 1 "" 0 3 1 0 0 0 "" 0 0 0 0 0 0 0
6123 "1039375" 0 "Main_Library" 302182 302502 337582 338382 0 0 0 0 0 0 1 0 6123 6123 0 0 0 0 0.000 0 0 0 3 3 0 0 0 0 0 0 0 0 0 "0805C" 0 2 "" 0 3 1 0 0 0 "" 0 0 0 0 0 0 0
6214 "1039713" 0 "Main_Library" 302182 302502 337582 338382 0 0 0 0 0 0 1 0 6214 6214 0 0 0 0 0.000 0 0 0 3 3 0 0 0 0 0 0 0 0 0 "0805C" 0 2 "" 0 3 1 0 0 0 "" 0 0 0 0 0 0 0
6499 "1015261" 0 "Main_Library" 303624 0 0 0 0 0 0 0 0 0 1 0 6499 6499 0 0 0 0 0.000 0 0 0 3 3 0 0 0 0 0 0 0 0 0 "FAHP0603-6R8M" 0 2 "" 0 3 1 0 0 0 "" 0 0 0 0 0 0 0
6653 "1037888" 0 "Main_Library" 302161 302481 337561 338361 350961 0 0 0 0 0 1 1633 6653 6653 0 0 0 0 0.000 90 0 0 3 3 0 0 0 0 0 0 0 0 0 "0402C" 0 2 "" 0 3 1 0 0 0 "" 0 0 0 0 0 0 0
11761 "1040734" 0 "Main_Library" 306024 0 0 0 0 0 0 0 0 0 1 0 11761 11761 0 0 0 0 0.000 0 0 0 3 3 0 0 0 0 0 0 0 0 0 "WAG-P-LTE10" 0 2 "" 0 3 1 0 0 0 "" 0 0 0 0 0 0 0
12241 "1041778" 0 "Main_Library" 302161 302481 337561 338361 350961 0 0 0 0 0 1 3655 12241 12241 0 0 0 0 0.000 90 0 0 3 3 0 0 0 0 0 0 0 0 0 "0402C" 0 2 "" 0 3 1 0 0 0 "" 0 0 0 0 0 0 0
12242 "1041862" 0 "Main_Library" 302161 302481 337561 338361 350961 0 0 0 0 0 1 3656 12242 12242 0 0 0 0 0.000 90 0 0 3 3 0 0 0 0 0 0 0 0 0 "0402C" 0 2 "" 0 3 1 0 0 0 "" 0 0 0 0 0 0 0
13602 "1051067" 0 "Main_Library" 302161 302481 337561 338361 350961 0 0 0 0 0 1 4119 13602 13602 0 0 0 0 0.000 90 0 0 3 3 0 0 0 0 0 0 0 0 0 "0402R" 0 2 "" 0 3 1 0 0 0 "" 0 0 0 0 0 0 0
13603 "1046315" 0 "Main_Library" 306029 0 0 0 0 0 0 0 0 0 1 0 13603 13603 0 0 0 0 0.000 0 0 0 3 3 0 0 0 0 0 0 0 0 0 "GL865-DUAL V3" 0 2 "" 0 3 1 0 0 0 "" 0 0 0 0 0 0 0
13605 "1054650" 0 "Main_Library" 303623 0 0 0 0 0 0 0 0 0 1 0 13605 13605 0 0 0 0 0.000 0 0 0 1 3 0 0 0 0 0 0 0 0 0 "TD-26EB" 0 2 "" 0 3 1 0 0 0 "" 0 0 0 0 0 0 0
13682 "1052154" 0 "Main_Library" 1002 0 0 0 0 0 0 0 0 0 5 0 13682 13682 0 0 0 0 0.000 0 0 0 3 3 2 0 0 0 0 0 0 0 0 "SIM68M" 0 2 "" 0 3 1 0 0 0 "" 0 0 0 0 0 0 0