513 3
445 9
547 8
495 3
1150 1
3850 5
535 3
3662 1
896 1
913 1
437 2
898 1
2159 16
4378 1
544 1
1602 1
1155 1
525 6
598 1
551 2
2490 1
1140 3
491 2
543 1
3391 2
505 23
481 2
423 2
477 29
3426 1
978 2
579 6
2162 3
424 2
10832 1
577 1
1144 4
438 1
2936 1
3896 10
902 1
13685 1
1158 1
5257 2
545 1
427 18
1152 1
587 10
959 2
915 4
1143 1
479 2
2935 1
1149 1
539 1
6626 1
1331 1
7552 1
2168 1
14452 1
422 40
1123 3
553 1
584 1
3427 5
447 1
2163 1
578 1
493 1
5658 1
1131 1
6123 3
1840 3
503 11
622 3
12232 1
3237 1
1147 2
911 4
894 1
556 1
3424 8
460 11
546 4
458 1
3923 1
612 7
6124 1
1136 1
0 6
1838 4
426 4
523 1
1153 1
575 1
2907 2
1142 2
3317 4
2318 1
1148 1
11753 1
11003 2
499 6
1018 3
421 12
483 1
1373 1
3428 9
1141 1
446 4
3913 2
433 2
783 5
949 1
456 4
1146 3
555 1
3101 16
3425 2
