17
16
16
17
17
20
20
21
17
17
20
20
20
21
21
21
18
18
19
18
18
18
14
14
14
15
14
14
10
10
10
7
6
6
10
6
6
10
11
11
11
11
11
12
19
19
19
18
15
19
20
18
14
14
18
19
19
15
15
11
11
7
7
3
3
8
4
4
12
12
8
20
16
16
20
21
21
17
17
19
19
15
15
11
11
7
7
3
3
2
2
10
10
6
6
13
13
9
9
5
5
3
14
14
18
18
21
17
13
9
5
4
12
8
20
16
3
11
6
2
2
2
2
2
3
2
10
6
14
15
19
15
15
15
16
15
11
7
7
7
7
8
7
3
3
3
3
4
3
8
4
4
4
4
4
12
12
12
12
12
9
9
5
5
4
4
12
8
8
16
16
12
19
19
15
15
8
8
8
8
20
20
20
11
11
7
7
3
3
2
2
10
6
6
14
14
10
18
18
16
16
16
16
16
20
20
21
17
13
9
5
4
12
8
16
20
19
15
11
7
3
2
21
21
21
21
21
17
17
17
17
17
13
13
13
13
13
9
9
9
9
9
5
5
5
5
5
5
13
9
3
7
9
9
13
13
13
13
9
9
13
13
17
13
13
12
9
8
5
5
9
8
9
5
5
9
8
8
5
4
18
19
16
17
15
16
21
21
16
17
15
16
16
14
15
10
11
10
6
2
15
21
21
21
20
18
15
20
19
19
17
20
21
21
21
16
4
4
4
5
2
6
6
12
15
12
15
12
17
13
11
14
10
10
5
2
10
9
7
6
6
7
20
18
18
6
20
14
14
10
2
3
2
17
2
2
2
3
6
6
6
2
10
14
10
10
5
11
11
8
14
14
14
10
21
21
21
21
17
17
13
13
13
13
9
9
9
9
5
5
5
8
4
4
4
4
12
12
12
12
8
8
20
20
16
16
20
20
19
19
19
15
15
15
11
7
7
7
3
3
3
7
11
6
18
19
15
18
18
18
