B IDNUM TURN MS TS FAdd FSAdd FBLKCode FBLKSerial NHAdd NCAdd NBLKCode NBLKSerial ReelID F RCGX RCGY RCGA TCX TCY MPosiRecX MPosiRecY MPosiRecA MPosiRecZ THMAX THAVE MNTCX MNTCY MNTCA TLX TLY InspectArea DIDNUM DS DispenseID PARTS WarpZ PrePickupLOT PrePickupSTS LoadSV LoadMV ReachCZ
19 487 1 1 3 21003 1 "" "" 1 214 "" "" "" 0 -0.213 -0.233 -1.109 0.000 0.000 0.000 0.000 0.000 0.000 0.000 0.000 -0.005 1.064 -1.110 0.000 0.000 0 0 0 "" 13682 0.0000 "" 0 0.000 0.000 0.000
21 577 1 2 2 21003 1 "" "" 2 223 "" "" "" 0 -0.203 -0.144 0.651 0.000 0.000 0.000 0.000 0.000 0.000 0.000 0.000 -0.039 0.963 0.643 0.000 0.000 0 0 0 "" 13682 0.0000 "" 0 0.000 0.000 0.000
23 667 1 3 1 21003 1 "" "" 3 224 "" "" "" 0 -0.314 -0.315 -0.930 0.000 0.000 0.000 0.000 0.000 0.000 0.000 0.000 0.030 1.097 -0.935 0.000 0.000 0 0 0 "" 13682 0.0000 "" 0 0.000 0.000 0.000
15 307 2 1 3 21003 1 "" "" 1 214 "" "" "" 0 -0.418 -0.184 1.263 0.000 0.000 0.000 0.000 0.000 0.000 0.000 0.000 0.213 0.981 1.262 0.000 0.000 0 0 0 "" 13682 0.0000 "" 0 0.000 0.000 0.000
17 397 2 2 2 21003 1 "" "" 2 223 "" "" "" 0 -0.469 -0.397 -1.296 0.000 0.000 0.000 0.000 0.000 0.000 0.000 0.000 0.220 1.209 -1.304 0.000 0.000 0 0 0 "" 13682 0.0000 "" 0 0.000 0.000 0.000
16 352 2 3 1 21003 1 "" "" 3 224 "" "" "" 0 -0.161 0.157 -0.026 0.000 0.000 0.000 0.000 0.000 0.000 0.000 0.000 -0.090 0.592 -0.031 0.000 0.000 0 0 0 "" 13682 0.0000 "" 0 0.000 0.000 0.000
23 654 1 4 6 10022 0 "FB20" "FA0220ADF326409" 1 121 "" "" "1000530250" 0 0.118 0.773 2.131 -0.293 0.158 0.000 0.000 0.000 0.000 0.000 0.000 -0.996 0.973 1.617 -0.300 -0.200 0 0 0 "" 938 0.0000 "" 0 0.000 0.000 0.000
21 561 1 2 5 10023 0 "FA30" "FA0430ADF310313" 2 122 "" "" "1000536897" 0 -0.011 0.313 0.084 -0.102 0.518 0.000 0.000 0.000 0.000 0.000 0.000 -0.197 1.110 -0.436 0.000 0.500 0 0 0 "" 3365 0.0000 "" 0 0.000 0.000 0.000
12 220 1 8 4 10020 0 "FA30" "FA0430ADF313325" 3 143 "" "" "1000614555" 0 -0.152 -0.039 -0.875 0.090 0.207 0.000 0.000 0.000 0.000 0.000 0.000 -0.259 0.942 -1.185 0.100 0.200 0 0 0 "" 924 0.0000 "" 0 0.000 0.000 0.000
10 192 1 6 3 10020 0 "FA30" "FA0430ADF313325" 4 144 "" "" "1000614555" 0 0.031 -0.056 -0.813 0.050 0.179 0.000 0.000 0.000 0.000 0.000 0.000 -0.276 0.747 -1.037 0.100 0.200 0 0 0 "" 924 0.0000 "" 0 0.000 0.000 0.000
22 609 1 1 7 10022 0 "FB20" "FA0220ADF326409" 5 111 "" "" "1000530250" 0 -0.049 0.728 2.801 -0.336 0.236 0.000 0.000 0.000 0.000 0.000 0.000 -0.948 0.826 1.474 -0.300 -0.200 0 0 0 "" 938 0.0000 "" 0 0.000 0.000 0.000
23 651 1 3 8 10023 0 "FA30" "FA0430ADF310313" 6 112 "" "" "1000536897" 0 0.121 0.084 -1.794 -0.195 0.636 0.000 0.000 0.000 0.000 0.000 0.000 0.019 1.014 -2.515 0.000 0.500 0 0 0 "" 3365 0.0000 "" 0 0.000 0.000 0.000
12 219 1 7 1 10020 0 "FA30" "FA0430ADF313325" 7 133 "" "" "1000614555" 0 -0.005 0.071 0.312 0.039 0.239 0.000 0.000 0.000 0.000 0.000 0.000 -0.270 0.826 -0.472 0.100 0.200 0 0 0 "" 924 0.0000 "" 0 0.000 0.000 0.000
10 191 1 5 2 10020 0 "FA30" "FA0430ADF313325" 8 134 "" "" "1000614555" 0 -0.089 -0.023 -1.500 0.061 0.190 0.000 0.000 0.000 0.000 0.000 0.000 -0.095 0.716 -2.075 0.100 0.200 0 0 0 "" 924 0.0000 "" 0 0.000 0.000 0.000
18 442 3 1 3 21003 1 "" "" 1 214 "" "" "" 0 -0.385 -0.441 0.041 0.000 0.000 0.000 0.000 0.000 0.000 0.000 0.000 0.192 1.272 0.040 0.000 0.000 0 0 0 "" 13682 0.0000 "" 0 0.000 0.000 0.000
20 532 3 2 2 21003 1 "" "" 2 223 "" "" "" 0 -0.281 -0.476 -0.276 0.000 0.000 0.000 0.000 0.000 0.000 0.000 0.000 0.055 1.303 -0.284 0.000 0.000 0 0 0 "" 13682 0.0000 "" 0 0.000 0.000 0.000
22 622 3 3 1 21003 1 "" "" 3 224 "" "" "" 0 -0.281 -0.238 0.064 0.000 0.000 0.000 0.000 0.000 0.000 0.000 0.000 0.024 1.019 0.059 0.000 0.000 0 0 0 "" 13682 0.0000 "" 0 0.000 0.000 0.000
14 262 4 1 1 21003 1 "" "" 1 214 "" "" "" 0 -0.238 -0.370 -1.415 0.000 0.000 0.000 0.000 0.000 0.000 0.000 0.000 0.040 1.187 -1.416 0.000 0.000 0 0 0 "" 13682 0.0000 "" 0 0.000 0.000 0.000
20 519 2 1 6 10022 0 "FB20" "FA0220ADF326409" 1 121 "" "" "1000530250" 0 0.007 0.694 -0.141 -0.293 0.158 0.000 0.000 0.000 0.000 0.000 0.000 -0.900 0.825 -0.655 -0.300 -0.200 0 0 0 "" 938 0.0000 "" 0 0.000 0.000 0.000
19 471 2 5 5 10023 0 "FA30" "FA0430ADF310313" 2 122 "" "" "1000536897" 0 0.178 0.566 0.556 -0.102 0.518 0.000 0.000 0.000 0.000 0.000 0.000 -0.001 1.351 0.036 0.000 0.500 0 0 0 "" 3365 0.0000 "" 0 0.000 0.000 0.000
6 135 2 7 4 10020 0 "FA30" "FA0430ADF313325" 3 143 "" "" "1000614555" 0 -0.139 -0.048 -0.313 0.090 0.207 0.000 0.000 0.000 0.000 0.000 0.000 -0.177 0.651 -0.996 0.100 0.200 0 0 0 "" 924 0.0000 "" 0 0.000 0.000 0.000
8 163 2 3 3 10020 0 "FA30" "FA0430ADF313325" 4 144 "" "" "1000614555" 0 -0.077 0.045 -0.938 0.050 0.179 0.000 0.000 0.000 0.000 0.000 0.000 -0.177 0.704 -1.159 0.100 0.200 0 0 0 "" 924 0.0000 "" 0 0.000 0.000 0.000
16 339 2 8 7 10022 0 "FB20" "FA0220ADF326409" 5 111 "" "" "1000530250" 0 0.199 0.698 -0.655 -0.336 0.236 0.000 0.000 0.000 0.000 0.000 0.000 -0.911 1.000 -1.982 -0.300 -0.200 0 0 0 "" 938 0.0000 "" 0 0.000 0.000 0.000
20 516 2 2 8 10023 0 "FA30" "FA0430ADF310313" 6 112 "" "" "1000536897" 0 0.170 0.297 0.000 -0.195 0.636 0.000 0.000 0.000 0.000 0.000 0.000 0.097 1.215 -0.721 0.000 0.500 0 0 0 "" 3365 0.0000 "" 0 0.000 0.000 0.000
8 164 2 4 1 10020 0 "FA30" "FA0430ADF313325" 7 133 "" "" "1000614555" 0 -0.410 0.095 0.312 0.039 0.239 0.000 0.000 0.000 0.000 0.000 0.000 -0.059 1.174 -0.808 0.000 0.000 0 0 0 "" 924 0.0000 "" 0 0.000 0.000 0.000
6 136 2 6 2 10020 0 "FA30" "FA0430ADF313325" 8 134 "" "" "1000614555" 0 -0.104 0.116 -0.125 0.061 0.190 0.000 0.000 0.000 0.000 0.000 0.000 -0.082 0.893 -1.364 0.100 0.200 0 0 0 "" 924 0.0000 "" 0 0.000 0.000 0.000
19 474 3 4 6 10022 0 "FB20" "FA0220ADF326409" 1 121 "" "" "1000530250" 0 0.132 0.636 4.303 -0.293 0.158 0.000 0.000 0.000 0.000 0.000 0.000 -0.847 0.984 3.789 -0.300 -0.200 0 0 0 "" 938 0.0000 "" 0 0.000 0.000 0.000
15 291 3 7 5 10023 0 "FA30" "FA0430ADF310313" 2 122 "" "" "1000536897" 0 -0.070 0.463 -0.663 -0.102 0.518 0.000 0.000 0.000 0.000 0.000 0.000 -0.256 1.227 -1.183 0.000 0.500 0 0 0 "" 3365 0.0000 "" 0 0.000 0.000 0.000
11 205 3 1 4 10020 0 "FA30" "FA0430ADF313325" 3 143 "" "" "1000614555" 0 -0.058 0.111 -0.500 0.090 0.207 0.000 0.000 0.000 0.000 0.000 0.000 -0.362 0.747 -1.183 0.100 0.200 0 0 0 "" 924 0.0000 "" 0 0.000 0.000 0.000
9 177 3 3 3 10020 0 "FA30" "FA0430ADF313325" 4 144 "" "" "1000614555" 0 -0.141 0.013 0.687 0.050 0.179 0.000 0.000 0.000 0.000 0.000 0.000 -0.169 0.636 0.466 0.100 0.200 0 0 0 "" 924 0.0000 "" 0 0.000 0.000 0.000
21 564 3 2 7 10022 0 "FB20" "FA0220ADF326409" 5 111 "" "" "1000530250" 0 0.088 0.670 -1.610 -0.336 0.236 0.000 0.000 0.000 0.000 0.000 0.000 -0.907 0.894 -2.937 -0.300 -0.200 0 0 0 "" 938 0.0000 "" 0 0.000 0.000 0.000
17 381 3 6 8 10023 0 "FA30" "FA0430ADF310313" 6 112 "" "" "1000536897" 0 0.217 0.476 1.239 -0.195 0.636 0.000 0.000 0.000 0.000 0.000 0.000 0.141 1.363 0.518 0.000 0.500 0 0 0 "" 3365 0.0000 "" 0 0.000 0.000 0.000
5 121 3 8 1 10020 0 "FA30" "FA0430ADF313325" 7 133 "" "" "1000614555" 0 -0.144 0.250 0.500 0.039 0.239 0.000 0.000 0.000 0.000 0.000 0.000 -0.461 0.643 -0.284 0.000 0.000 0 0 0 "" 924 0.0000 "" 0 0.000 0.000 0.000
7 149 3 5 2 10020 0 "FA30" "FA0430ADF313325" 8 134 "" "" "1000614555" 0 -0.119 0.084 0.062 0.061 0.190 0.000 0.000 0.000 0.000 0.000 0.000 -0.221 0.661 -0.513 0.100 0.200 0 0 0 "" 924 0.0000 "" 0 0.000 0.000 0.000
21 578 5 3 3 20021 0 "FB20" "FA0220AFA664695" 1 221 "" "" "1000605609" 0 -0.045 0.087 90.520 -0.137 -0.435 0.000 0.000 0.000 0.000 0.000 0.000 -0.200 0.744 0.492 -0.153 -0.363 0 0 0 "" 936 0.0000 "" 0 0.000 0.000 0.000
23 668 5 2 1 20021 0 "FB20" "FA0220AFA664695" 2 222 "" "" "1000605609" 0 0.007 0.196 90.965 -0.178 -0.402 0.000 0.000 0.000 0.000 0.000 0.000 -0.268 0.614 0.945 -0.153 -0.363 0 0 0 "" 936 0.0000 "" 0 0.000 0.000 0.000
13 232 5 1 2 20024 0 "FA40" "FA0440ADF303537" 3 213 "" "" "1000531724" 0 0.011 -0.147 -0.310 -0.116 0.403 0.000 0.000 0.000 0.000 0.000 0.000 -0.336 0.907 -0.315 -0.039 0.361 0 0 0 "" 11761 0.0000 "" 0 0.000 0.000 0.000
17 398 6 3 3 20021 0 "FB20" "FA0220AFA664695" 1 221 "" "" "1000605609" 0 0.001 -0.023 89.058 -0.066 -0.445 0.000 0.000 0.000 0.000 0.000 0.000 -0.241 0.833 -0.970 -0.082 -0.373 0 0 0 "" 936 0.0000 "" 0 0.000 0.000 0.000
19 488 6 2 1 20021 0 "FB20" "FA0220AFA664695" 2 222 "" "" "1000605609" 0 -0.029 -0.033 90.188 -0.107 -0.411 0.000 0.000 0.000 0.000 0.000 0.000 -0.224 0.823 0.168 0.000 0.000 0 0 0 "" 936 0.0000 "" 0 0.000 0.000 0.000
11 204 6 1 2 20024 0 "FA40" "FA0440ADF303537" 3 213 "" "" "1000531724" 0 0.067 0.050 -0.150 -0.110 0.476 0.000 0.000 0.000 0.000 0.000 0.000 -0.389 0.699 -0.155 -0.034 0.435 0 0 0 "" 11761 0.0000 "" 0 0.000 0.000 0.000
18 429 4 2 6 10022 0 "FB20" "FA0220ADF326409" 1 121 "" "" "1000530250" 0 0.151 0.552 1.942 -0.293 0.158 0.000 0.000 0.000 0.000 0.000 0.000 -0.750 0.980 1.428 -0.300 -0.200 0 0 0 "" 938 0.0000 "" 0 0.000 0.000 0.000
22 606 4 1 5 10023 0 "FA30" "FA0430ADF310313" 2 122 "" "" "1000536897" 0 -0.012 0.436 0.347 -0.102 0.518 0.000 0.000 0.000 0.000 0.000 0.000 -0.178 1.247 -0.173 0.000 0.500 0 0 0 "" 3365 0.0000 "" 0 0.000 0.000 0.000
4 108 4 6 4 10020 0 "FA30" "FA0430ADF313325" 3 143 "" "" "1000614555" 0 -0.187 -0.140 -0.563 0.090 0.207 0.000 0.000 0.000 0.000 0.000 0.000 -0.350 0.935 -0.873 0.100 0.200 0 0 0 "" 924 0.0000 "" 0 0.000 0.000 0.000
4 107 4 5 3 10020 0 "FA30" "FA0430ADF313325" 4 144 "" "" "1000614555" 0 -0.122 -0.019 -0.313 0.050 0.179 0.000 0.000 0.000 0.000 0.000 0.000 -0.109 0.640 -0.534 0.100 0.200 0 0 0 "" 924 0.0000 "" 0 0.000 0.000 0.000
14 249 4 4 7 10022 0 "FB20" "FA0220ADF326409" 5 111 "" "" "1000530250" 0 0.017 0.677 -0.923 -0.336 0.236 0.000 0.000 0.000 0.000 0.000 0.000 -0.886 0.804 -2.250 -0.300 -0.200 0 0 0 "" 938 0.0000 "" 0 0.000 0.000 0.000
18 426 4 3 8 10023 0 "FA30" "FA0430ADF310313" 6 112 "" "" "1000536897" 0 0.092 0.384 1.142 -0.195 0.636 0.000 0.000 0.000 0.000 0.000 0.000 0.031 1.289 0.421 0.000 0.500 0 0 0 "" 3365 0.0000 "" 0 0.000 0.000 0.000
7 150 4 8 1 10020 0 "FA30" "FA0430ADF313325" 7 133 "" "" "1000614555" 0 -0.299 0.158 -0.750 0.039 0.239 0.000 0.000 0.000 0.000 0.000 0.000 -0.020 1.052 -1.870 0.000 0.000 0 0 0 "" 924 0.0000 "" 0 0.000 0.000 0.000
5 122 4 7 2 10020 0 "FA30" "FA0430ADF313325" 8 134 "" "" "1000614555" 0 -0.226 0.017 -1.500 0.061 0.190 0.000 0.000 0.000 0.000 0.000 0.000 -0.205 1.000 -2.739 0.100 0.200 0 0 0 "" 924 0.0000 "" 0 0.000 0.000 0.000
14 263 7 2 3 20021 0 "FB20" "FA0220AFA664695" 1 221 "" "" "1000605609" 0 0.046 -0.212 91.140 -0.080 -0.452 0.000 0.000 0.000 0.000 0.000 0.000 -0.259 1.018 1.112 -0.096 -0.380 0 0 0 "" 936 0.0000 "" 0 0.000 0.000 0.000
16 353 7 3 1 20021 0 "FB20" "FA0220AFA664695" 2 222 "" "" "1000605609" 0 0.027 0.051 90.637 -0.122 -0.418 0.000 0.000 0.000 0.000 0.000 0.000 -0.258 0.734 0.617 0.000 0.000 0 0 0 "" 936 0.0000 "" 0 0.000 0.000 0.000
8 162 7 1 2 20024 0 "FA40" "FA0440ADF303537" 3 213 "" "" "1000531724" 0 0.049 0.109 -0.330 -0.077 0.451 0.000 0.000 0.000 0.000 0.000 0.000 -0.348 0.634 -0.335 0.000 0.410 0 0 0 "" 11761 0.0000 "" 0 0.000 0.000 0.000
20 533 8 3 3 20021 0 "FB20" "FA0220AFA664695" 1 221 "" "" "1000605609" 0 0.034 0.131 90.603 -0.120 -0.433 0.000 0.000 0.000 0.000 0.000 0.000 -0.259 0.705 0.575 -0.136 -0.361 0 0 0 "" 936 0.0000 "" 0 0.000 0.000 0.000
22 623 8 2 1 20021 0 "FB20" "FA0220AFA664695" 2 222 "" "" "1000605609" 0 -0.011 0.154 90.037 -0.162 -0.400 0.000 0.000 0.000 0.000 0.000 0.000 -0.226 0.661 0.017 0.000 0.000 0 0 0 "" 936 0.0000 "" 0 0.000 0.000 0.000
12 218 8 1 2 20024 0 "FA40" "FA0440ADF303537" 3 213 "" "" "1000531724" 0 0.068 0.046 -0.460 -0.052 0.397 0.000 0.000 0.000 0.000 0.000 0.000 -0.372 0.718 -0.465 0.024 0.356 0 0 0 "" 11761 0.0000 "" 0 0.000 0.000 0.000
15 294 5 3 6 10022 0 "FB20" "FA0220ADF326409" 1 121 "" "" "1000530250" 0 0.042 0.632 -1.549 -0.293 0.158 0.000 0.000 0.000 0.000 0.000 0.000 -0.853 0.810 -2.063 -0.300 -0.200 0 0 0 "" 938 0.0000 "" 0 0.000 0.000 0.000
16 336 5 1 5 10023 0 "FA30" "FA0430ADF310313" 2 122 "" "" "1000536897" 0 0.081 0.378 -0.236 -0.102 0.518 0.000 0.000 0.000 0.000 0.000 0.000 -0.082 1.159 -0.756 0.000 0.500 0 0 0 "" 3365 0.0000 "" 0 0.000 0.000 0.000
9 178 5 5 4 10020 0 "FA30" "FA0430ADF313325" 3 143 "" "" "1000614555" 0 -0.168 0.065 -1.625 0.090 0.207 0.000 0.000 0.000 0.000 0.000 0.000 -0.174 0.935 -1.935 0.100 0.200 0 0 0 "" 924 0.0000 "" 0 0.000 0.000 0.000
13 233 5 7 3 10020 0 "FA30" "FA0430ADF313325" 4 144 "" "" "1000614555" 0 -0.308 0.089 -0.563 0.050 0.179 0.000 0.000 0.000 0.000 0.000 0.000 -0.244 0.490 -0.784 0.100 0.200 0 0 0 "" 924 0.0000 "" 0 0.000 0.000 0.000
17 384 5 4 7 10022 0 "FB20" "FA0220ADF326409" 5 111 "" "" "1000530250" 0 0.025 0.600 -1.645 -0.336 0.236 0.000 0.000 0.000 0.000 0.000 0.000 -0.831 0.812 -2.972 -0.300 -0.200 0 0 0 "" 938 0.0000 "" 0 0.000 0.000 0.000
14 246 5 2 8 10023 0 "FA30" "FA0430ADF310313" 6 112 "" "" "1000536897" 0 -0.061 0.167 -0.110 -0.195 0.636 0.000 0.000 0.000 0.000 0.000 0.000 -0.128 1.054 -0.831 0.000 0.500 0 0 0 "" 3365 0.0000 "" 0 0.000 0.000 0.000
11 206 5 6 1 10020 0 "FA30" "FA0430ADF313325" 7 133 "" "" "1000614555" 0 -0.046 0.209 3.250 0.039 0.239 0.000 0.000 0.000 0.000 0.000 0.000 0.032 0.804 2.130 0.000 0.000 0 0 0 "" 924 0.0000 "" 0 0.000 0.000 0.000
13 234 5 8 2 10020 0 "FA30" "FA0430ADF313325" 8 134 "" "" "1000614555" 0 -0.102 0.150 -1.188 0.061 0.190 0.000 0.000 0.000 0.000 0.000 0.000 -0.077 0.921 -2.427 0.100 0.200 0 0 0 "" 924 0.0000 "" 0 0.000 0.000 0.000
15 308 9 1 3 20021 0 "FB20" "FA0220AFA664695" 1 221 "" "" "1000605609" 0 -0.055 0.016 90.732 -0.049 -0.427 0.000 0.000 0.000 0.000 0.000 0.000 -0.183 0.784 0.704 -0.065 -0.356 0 0 0 "" 936 0.0000 "" 0 0.000 0.000 0.000
18 443 9 3 1 20021 0 "FB20" "FA0220AFA664695" 2 222 "" "" "1000605609" 0 -0.007 0.034 90.536 -0.091 -0.394 0.000 0.000 0.000 0.000 0.000 0.000 -0.226 0.760 0.516 0.000 0.000 0 0 0 "" 936 0.0000 "" 0 0.000 0.000 0.000
10 190 9 2 2 20024 0 "FA40" "FA0440ADF303537" 3 213 "" "" "1000531724" 0 -0.027 -0.195 -0.740 -0.018 0.374 0.000 0.000 0.000 0.000 0.000 0.000 -0.277 0.949 -0.745 0.058 0.333 0 0 0 "" 11761 0.0000 "" 0 0.000 0.000 0.000
5 120 10 1 3 20024 0 "FA40" "FA0440ADF303537" 1 221 "" "" "1000531724" 0 0.082 0.041 -0.310 0.061 0.359 0.000 0.000 0.000 0.000 0.000 0.000 -0.306 0.789 -0.311 0.045 0.430 0 0 0 "" 11761 0.0000 "" 0 0.000 0.000 0.000
7 148 10 2 2 20024 0 "FA40" "FA0440ADF303537" 2 222 "" "" "1000531724" 0 0.075 0.041 -0.650 0.019 0.392 0.000 0.000 0.000 0.000 0.000 0.000 -0.341 0.766 -0.658 0.045 0.430 0 0 0 "" 11761 0.0000 "" 0 0.000 0.000 0.000
9 176 10 3 1 20024 0 "FA40" "FA0440ADF303537" 3 213 "" "" "1000531724" 0 0.216 -0.106 -0.190 -0.032 0.472 0.000 0.000 0.000 0.000 0.000 0.000 -0.537 0.844 -0.195 0.000 0.000 0 0 0 "" 11761 0.0000 "" 0 0.000 0.000 0.000
4 106 11 1 2 20024 0 "FA40" "FA0440ADF303537" 1 221 "" "" "1000531724" 0 0.181 -0.321 -0.170 0.123 0.363 0.000 0.000 0.000 0.000 0.000 0.000 -0.385 1.156 -0.171 0.107 0.434 0 0 0 "" 11761 0.0000 "" 0 0.000 0.000 0.000
6 134 11 2 1 20024 0 "FA40" "FA0440ADF303537" 2 222 "" "" "1000531724" 0 -0.163 -0.173 -0.020 0.081 0.396 0.000 0.000 0.000 0.000 0.000 0.000 -0.084 0.986 -0.028 0.000 0.000 0 0 0 "" 11761 0.0000 "" 0 0.000 0.000 0.000