12
12
10
10
10
10
8
8
12
12
10
10
8
8
8
8
9
9
9
14
11
11
11
13
39
12
9
7
41
16
11
15
16
16
16
14
14
46
14
12
16
48
16
48
14
46
14
46
9
13
13
11
11
13
13
13
41
41
45
41
43
43
43
43
12
10
9
42
9
8
7
40
12
42
9
42
9
40
7
40
40
7
7
7
7
7
42
9
40
8
40
39
39
42
39
44
13
45
16
11
11
43
14
44
13
13
16
45
11
44
14
44
40
42
12
42
12
44
44
44
12
12
14
14
16
14
14
46
13
15
15
47
11
9
13
45
13
47
15
47
15
43
13
43
10
10
12
10
10
8
14
10
7
14
12
16
9
15
13
11
11
39
9
39
15
41
15
48
11
39
9
7
15
41
11
41
16
16
16
16
48
46
46
46
8
8
8
8
48
10
8
10
14
16
15
9
7
7
7
7
12
10
7
11
13
8
48
48
15
15
15
15
47
47
45
47
45
15
45
47
