1000630315
1000603883
1000548748
1000560615
1000510741
1000627945
1000619954
1000592503
1000560633
1000459252
1000630316
1000459253
1000494125
1000501604
1000494141
1000638702
1000533994
1000620984
1000527975
1000645526
1000573628
1000543108
1000622182
1000558990
1000564530
1000528854
1000648161
1000648165
1000473243
1000645524
1000553157
1000564542
1000645525
1000528872
1000509619
1000643083
1000641951
1000613091
1000552579
1000552632
1000552586
1000643088
1000552630
1000569222
1000643086
1000552547
1000643089
1000552635
1000650649
1000569221
1000643084
1000552546
1000643085
1000552636
1000643090
1000569223
1000641966
1000643087
1000552545
1000628436
1000530250
1000568311
1000656584

1000605609
1000531723
1000614554
1000614553
1000614551
1000606885
1000614552
1000614549
1000531724
1000614550
1000536897
1000614556
1000614555
